Pi Values for 0
1.00000000000000000000e+000 0.00000000000000000000e+000 0.00000000000000000000e+000 0.00000000000000000000e+000 0.00000000000000000000e+000 
A Matrix for 0
7.68882115967029380000e-001 2.31117884032970710000e-001 0.00000000000000000000e+000 0.00000000000000000000e+000 0.00000000000000000000e+000 
0.00000000000000000000e+000 7.67051692141397790000e-001 2.32948307858602180000e-001 0.00000000000000000000e+000 0.00000000000000000000e+000 
0.00000000000000000000e+000 0.00000000000000000000e+000 8.03844961008377550000e-001 1.96155038991622510000e-001 0.00000000000000000000e+000 
0.00000000000000000000e+000 0.00000000000000000000e+000 0.00000000000000000000e+000 8.88190410424291030000e-001 1.11809589575709000000e-001 
0.00000000000000000000e+000 0.00000000000000000000e+000 0.00000000000000000000e+000 0.00000000000000000000e+000 1.00000000000000000000e+000 

B Matrix for 0
1.66666581869401340000e-002 1.48128646325454190000e-001 1.52507385534871770000e-012 3.43783732020480020000e-001 1.00000000000000030000e-079 7.49988245996875140000e-002 1.51490764072039180000e-001 1.07210198053393190000e-001 1.00000000000000030000e-079 1.00000000000000030000e-079 1.00000000000000030000e-079 1.00000000000000030000e-079 1.00000000000000030000e-079 1.00000000000000030000e-079 1.00000000000000030000e-079 1.00000000000000030000e-079 1.30889190900712640000e-010 1.00000000000000030000e-079 1.00000000000000030000e-079 1.00000000000000030000e-079 1.00000000000000030000e-079 1.00000000000000030000e-079 1.00000000000000030000e-079 1.00000000000000030000e-079 1.00000000000000030000e-079 1.00000000000000030000e-079 8.13734989095906900000e-003 2.50000000268898940000e-002 6.63299751309665560000e-002 1.38623949469150500000e-002 4.43914566138609440000e-002 1.00000000000000030000e-079 
7.24102163921255680000e-002 3.93432591068110790000e-001 4.99980693766613120000e-002 2.17329856080291040000e-001 1.00000000000000030000e-079 2.08085609452468780000e-002 4.56897794647027620000e-002 5.69916613968883820000e-002 1.00000000000000030000e-079 1.00000000000000030000e-079 1.00000000000000030000e-079 9.50000000000000330000e-080 1.00000000000000030000e-079 9.50000000000000330000e-080 1.00000000000000030000e-079 1.00000000000000030000e-079 4.99997447314629580000e-002 1.00000000000000030000e-079 1.00000000000000030000e-079 1.00000000000000030000e-079 1.00000000000000030000e-079 1.00000000000000030000e-079 1.00000000000000030000e-079 1.00000000000000030000e-079 1.00000000000000030000e-079 1.00000000000000030000e-079 4.74807464496946680000e-002 4.55233093367558430000e-002 3.35464758059841300000e-004 9.50000000000000330000e-080 9.50000000000000330000e-080 1.00000000000000030000e-079 
3.69256124826559400000e-002 4.16921142685054310000e-001 1.12959894399182640000e-001 2.41060061781335070000e-001 1.00000000000000030000e-079 5.43494448582473620000e-016 1.14983436194395740000e-001 4.53885379955735330000e-002 1.00000000000000030000e-079 1.00000000000000030000e-079 9.50000000000000330000e-080 3.49407045825462110000e-015 1.00000000000000030000e-079 4.77084239865236720000e-003 1.00000000000000030000e-079 1.00000000000000030000e-079 2.07141554467333170000e-058 1.00000000000000030000e-079 1.00000000000000030000e-079 1.00000000000000030000e-079 1.00000000000000030000e-079 1.00000000000000030000e-079 1.00000000000000030000e-079 1.00000000000000030000e-079 1.00000000000000030000e-079 1.00000000000000030000e-079 2.69904720631408790000e-002 2.50951765476923130000e-035 5.46616737934132160000e-015 9.50000000000000330000e-080 9.50000000000000330000e-080 1.00000000000000030000e-079 
1.26858751659382030000e-002 1.97002708123193870000e-001 3.44864286650059730000e-002 9.39733489751330140000e-002 6.29752951004404740000e-003 2.61598988569990630000e-002 9.43311814156223140000e-002 2.93185708291718640000e-001 2.50413641087680880000e-003 8.46831565947546790000e-003 1.84247164382152810000e-002 3.07078607303543080000e-002 9.00000000000000360000e-080 9.50000000000000330000e-080 1.00000000000000030000e-079 1.00000000000000030000e-079 4.66643799144255290000e-003 3.86611105451260120000e-003 1.00000000000000030000e-079 1.00000000000000030000e-079 1.00000000000000030000e-079 1.00000000000000030000e-079 9.50000000000000930000e-080 1.00000000000000030000e-079 1.00000000000000030000e-079 3.44097214051349710000e-003 7.17722618209384740000e-002 5.70495409063905970000e-002 3.61691219001106460000e-044 4.09009999463196900000e-002 7.59678973055934890000e-005 1.00000000000000030000e-079 
1.18224687473609590000e-001 1.61373986288622090000e-003 1.92050713787259850000e-051 5.59126627152799130000e-016 6.07604365932590960000e-002 4.38064009626255370000e-002 1.44950539167867820000e-001 4.96220891789835310000e-002 1.06420189040276320000e-002 9.97385531657022340000e-003 1.91459149823956920000e-003 6.23712285421916880000e-003 8.68609003072931820000e-002 1.13343136220128510000e-002 7.64586479008827220000e-003 2.12616507829655470000e-003 4.02760030965316210000e-002 2.83554537523418650000e-002 1.04058712684082930000e-002 1.84568663086791330000e-002 7.18912553091147900000e-004 1.87325314669440010000e-002 5.77489922706918780000e-002 2.15506346256351300000e-002 7.40076993991832520000e-002 5.73225458714482360000e-002 5.60746947592794180000e-002 3.09213618753043200000e-002 9.16091124113228000000e-004 1.24926147001147080000e-002 1.51046487091237130000e-002 1.20235260913020360000e-003 

Pi Values for 1
1.00000000000000000000e+000 0.00000000000000000000e+000 0.00000000000000000000e+000 0.00000000000000000000e+000 0.00000000000000000000e+000 
A Matrix for 1
7.45666009856279950000e-001 2.54333990143720100000e-001 0.00000000000000000000e+000 0.00000000000000000000e+000 0.00000000000000000000e+000 
0.00000000000000000000e+000 7.79062951117265760000e-001 2.20937048882734380000e-001 0.00000000000000000000e+000 0.00000000000000000000e+000 
0.00000000000000000000e+000 0.00000000000000000000e+000 8.08946857306273910000e-001 1.91053142693726060000e-001 0.00000000000000000000e+000 
0.00000000000000000000e+000 0.00000000000000000000e+000 0.00000000000000000000e+000 9.04682075383288600000e-001 9.53179246167113750000e-002 
0.00000000000000000000e+000 0.00000000000000000000e+000 0.00000000000000000000e+000 0.00000000000000000000e+000 1.00000000000000000000e+000 

B Matrix for 1
2.01043165306488080000e-001 1.00000000000000030000e-079 1.00000000000000030000e-079 1.00000000000000030000e-079 1.66666666862036980000e-002 1.56428452344267890000e-001 1.03181969371573020000e-001 1.00000000000000030000e-079 1.25000010743739450000e-002 1.00000000000000030000e-079 6.25002624451182630000e-003 1.00000000000000030000e-079 7.77835719047913210000e-002 4.17496759916081640000e-002 9.55239702091685260000e-053 1.53931853673202110000e-002 3.63895373692574090000e-002 9.44444444257788450000e-002 1.79461473462209020000e-063 1.25000010743739450000e-002 8.92213083643181250000e-006 9.11529974805659960000e-003 9.04579725621896490000e-006 1.00000000000000030000e-079 1.11769756049009600000e-001 2.98567551094825810000e-002 5.24093257092084350000e-002 9.99996705065987930000e-003 1.00000000000000030000e-079 1.25000010743739450000e-002 2.30170568032073720000e-007 1.00000000000000030000e-079 
7.55374556121865550000e-002 1.00000000000000030000e-079 1.00000000000000030000e-079 1.00000000000000030000e-079 4.19383135893019590000e-002 1.42990612634758820000e-002 7.68566834108169310000e-002 1.00000000000000030000e-079 1.25021678221580410000e-002 1.00000000000000030000e-079 1.00000000000000030000e-079 9.50000000000000330000e-080 1.02531232849486250000e-001 1.29648996949567770000e-001 5.00000000000051720000e-002 5.57847663122188270000e-002 2.71563717506715760000e-002 1.56404769671236840000e-002 7.99363502556682120000e-002 9.18631236812932940000e-003 6.57133428676483360000e-002 1.90459607190429160000e-002 3.25491413062092350000e-002 1.00000000000000030000e-079 1.49179382072995910000e-001 1.79576757205751890000e-002 1.26142307480473920000e-002 3.89467577684110820000e-003 1.00000000000000030000e-079 4.08295070641182830000e-010 8.02740122953463780000e-003 4.24531537001903390000e-073 
6.79824661280181970000e-003 1.00000000000000030000e-079 1.00000000000000030000e-079 1.00000000000000030000e-079 1.32200001776614780000e-002 5.95688974988812380000e-002 4.97943863314100340000e-002 1.24940519695700030000e-002 1.00000000000000030000e-079 4.16665568023263500000e-003 9.50000000000000330000e-080 6.68533695811030090000e-002 6.39818930344044080000e-002 4.04019071985996170000e-002 8.33333332495749260000e-002 6.06311869643549190000e-002 7.34697902064370120000e-003 3.82054195547026220000e-002 1.53894767226012110000e-002 9.45622696210648300000e-044 3.32437750505879950000e-002 6.19039361215102580000e-003 1.09663209239350850000e-002 7.89537464401462600000e-016 1.47093440762033120000e-001 1.54481740324579560000e-001 3.29054665323295360000e-002 4.19689609815800740000e-002 1.00000000000000030000e-079 3.93592274385212020000e-002 3.69642911531049360000e-003 7.90844166242949880000e-003 
7.77158867557320880000e-003 1.00000000000000030000e-079 1.00000000000000030000e-079 1.00000000000000030000e-079 3.20799829093213060000e-002 4.53414434579411520000e-002 1.38933505935637020000e-002 2.56206542026948360000e-002 1.00000000000000030000e-079 1.88991880217428340000e-002 5.71508781574221750000e-003 2.69272941377122650000e-003 1.63722364450344310000e-002 3.63803278828815500000e-002 1.67177885634836100000e-001 5.79597391059719840000e-002 2.04647068795057800000e-002 5.94093331129488980000e-003 2.42137815170739880000e-002 6.47789023070219900000e-002 2.36622064158180380000e-002 5.07765825599389010000e-002 8.43834154138139170000e-002 2.14157017371389810000e-002 6.59270277319177060000e-002 2.68667775495998810000e-002 2.18714642983695760000e-002 3.82839461199669310000e-002 1.00000000000000030000e-079 5.11466045475195900000e-002 4.74956659743577400000e-002 2.28680694775875090000e-002 
6.42328070751371910000e-002 7.06106687635597520000e-004 1.00000000000000030000e-079 1.00000000000000030000e-079 1.00000000000000030000e-079 4.40144701056628880000e-002 5.76938553289716090000e-002 8.60366461578604070000e-003 3.10407259155059310000e-003 3.04966157297320490000e-003 1.00000000000000030000e-079 1.00000000000000030000e-079 9.97835143866918770000e-002 1.85295368490266400000e-001 4.52236022321752300000e-003 5.02947522966403110000e-003 4.77615148182308910000e-002 1.29114352131727920000e-001 9.50000000000000330000e-080 7.70948390645853810000e-003 1.76895713081963530000e-001 9.37303658559094370000e-002 7.14650785767701430000e-003 5.81370796889317010000e-003 4.38422029007702750000e-002 2.08333333333333330000e-003 4.16666666666666660000e-003 2.55469393109042290000e-039 1.00000000000000030000e-079 4.87876519715285850000e-003 8.22029973659383530000e-004 4.00431488589017390000e-021 

Pi Values for 2
1.00000000000000000000e+000 0.00000000000000000000e+000 0.00000000000000000000e+000 0.00000000000000000000e+000 0.00000000000000000000e+000 
A Matrix for 2
7.61513080649607210000e-001 2.38486919350392620000e-001 0.00000000000000000000e+000 0.00000000000000000000e+000 0.00000000000000000000e+000 
0.00000000000000000000e+000 7.78260750172780070000e-001 2.21739249827219880000e-001 0.00000000000000000000e+000 0.00000000000000000000e+000 
0.00000000000000000000e+000 0.00000000000000000000e+000 8.84766192645519700000e-001 1.15233807354480330000e-001 0.00000000000000000000e+000 
0.00000000000000000000e+000 0.00000000000000000000e+000 0.00000000000000000000e+000 8.98439790459338860000e-001 1.01560209540661320000e-001 
0.00000000000000000000e+000 0.00000000000000000000e+000 0.00000000000000000000e+000 0.00000000000000000000e+000 1.00000000000000000000e+000 

B Matrix for 2
1.30190057300443560000e-001 1.25000000000000010000e-002 3.76024872584120040000e-001 1.00000000000000030000e-079 4.83507372237943910000e-002 2.18629345697813270000e-002 3.29270705479657660000e-002 1.05025616569646780000e-001 7.68177331420194690000e-011 1.20539550346498260000e-024 6.52037393823394740000e-003 9.61890918114039950000e-004 1.41195914843757600000e-068 1.00000000000000030000e-079 1.00000000000000030000e-079 1.00000000000000030000e-079 2.36379929911851510000e-002 9.44145607658593150000e-002 5.63198486237246750000e-002 1.47712774865090090000e-002 1.00000000000000030000e-079 1.42861758944409730000e-002 1.16088890125633140000e-004 1.00000000000000030000e-079 3.33333333333333400000e-002 1.00000000000000030000e-079 1.04072595910068740000e-059 1.00000000000000030000e-079 9.00000000000000360000e-080 2.87400907430188920000e-002 1.00000000000000030000e-079 1.70775428854425870000e-005 
1.87880738824037700000e-012 1.00000000000000030000e-079 5.00424081642479100000e-005 1.00000000000000030000e-079 1.48053055366094370000e-002 4.04557279892674570000e-002 7.52999589823947490000e-002 2.52112619151035820000e-002 3.94677319694525870000e-002 5.12413662172696990000e-002 6.23394665577348270000e-002 5.99133633302644660000e-002 2.16691215681156880000e-041 1.00000000000000030000e-079 1.00000000000000030000e-079 1.00000000000000030000e-079 3.39223898458788710000e-002 1.43735352401657940000e-001 8.96605938304100010000e-002 1.01027970587946060000e-001 1.00000000000000030000e-079 1.00000000000000030000e-079 4.88967411156466940000e-002 1.00000000000000030000e-079 3.92419518388250960000e-014 1.00000000000000030000e-079 1.32335858396261660000e-034 1.00000000000000030000e-079 3.95119383433242070000e-009 1.85971074249382280000e-001 8.50000035689954680000e-080 2.80016491097051170000e-002 
1.87817827249707750000e-007 1.00000000000000030000e-079 2.76606237851613290000e-018 1.00000000000000030000e-079 3.31828614013351390000e-003 2.62736560402359390000e-002 2.93809000028644360000e-003 5.87445476306684180000e-003 1.56029577271692650000e-002 1.44197138053416580000e-001 3.98343895426458640000e-002 4.58352030784208030000e-002 2.93557173017147240000e-003 1.00000000000000030000e-079 1.00000000000000030000e-079 1.00000000000000030000e-079 1.44978932024596390000e-002 5.99560134782387770000e-002 1.37865898255940310000e-001 2.06425324503995590000e-001 1.00000000000000030000e-079 1.00000000000000030000e-079 4.80263903231132120000e-004 1.00000000000000030000e-079 1.56493114366023960000e-002 1.00000000000000030000e-079 5.59885229747428280000e-023 1.00000000000000030000e-079 9.23866664042172080000e-002 1.15285578468632720000e-001 1.15749270062463880000e-002 5.90681884470618880000e-002 
4.46481747687779920000e-005 1.00000000000000030000e-079 9.31750757294006780000e-003 3.54220452163106230000e-003 5.79303453538438720000e-002 1.85438555363659490000e-012 3.32795761895243570000e-010 6.72309323439641410000e-017 2.43811208550418070000e-002 1.74186228204328590000e-002 3.77160286887055770000e-002 1.90343008708860480000e-002 2.84525558643334110000e-017 1.00000000000000030000e-079 1.00000000000000030000e-079 1.00000000000000030000e-079 2.17122897433463860000e-001 4.86444719811971600000e-002 5.56105016751676230000e-002 2.81647806502983380000e-001 1.00000000000000030000e-079 1.00000000000000030000e-079 3.66472516938673790000e-003 1.00000000000000030000e-079 3.93590275573519280000e-008 9.50000000000000330000e-080 9.77497782160178730000e-003 9.50000000000000330000e-080 1.43836563261746960000e-001 3.94031571656240090000e-002 6.52696107269365010000e-003 2.43831193642070410000e-002 
3.30866353315999840000e-001 1.00000000000000030000e-079 9.00000000000000360000e-080 6.05056411108123320000e-003 7.91985370301415480000e-003 2.97263655459057970000e-002 1.58871447809910170000e-001 2.15143998482589870000e-002 8.25832938768340820000e-004 1.67837260362138010000e-011 1.07829596527043920000e-004 2.38896372785616900000e-003 4.91438094698535140000e-002 1.00000000000000030000e-079 1.00000000000000030000e-079 1.00000000000000030000e-079 1.84298617576147430000e-001 5.71702676822646310000e-002 4.83265774255473080000e-002 1.58853611618610810000e-002 1.00000000000000030000e-079 1.00000000000000030000e-079 6.37529594822014120000e-048 1.00000000000000030000e-079 1.53069483088114680000e-002 7.31891816659477850000e-003 2.01760123060980360000e-002 1.47034402678844010000e-003 2.95075779835142770000e-002 1.31239388040737070000e-002 9.00000000000000360000e-080 1.64743397749941000000e-008 

Pi Values for 3
1.00000000000000000000e+000 0.00000000000000000000e+000 0.00000000000000000000e+000 0.00000000000000000000e+000 0.00000000000000000000e+000 
A Matrix for 3
8.25371340218643110000e-001 1.74628659781357050000e-001 0.00000000000000000000e+000 0.00000000000000000000e+000 0.00000000000000000000e+000 
0.00000000000000000000e+000 8.09658263173291260000e-001 1.90341736826708740000e-001 0.00000000000000000000e+000 0.00000000000000000000e+000 
0.00000000000000000000e+000 0.00000000000000000000e+000 8.01958882819238330000e-001 1.98041117180761780000e-001 0.00000000000000000000e+000 
0.00000000000000000000e+000 0.00000000000000000000e+000 0.00000000000000000000e+000 8.77170448984087030000e-001 1.22829551015913020000e-001 
0.00000000000000000000e+000 0.00000000000000000000e+000 0.00000000000000000000e+000 0.00000000000000000000e+000 1.00000000000000000000e+000 

B Matrix for 3
6.23063223073039990000e-002 5.13117335182036870000e-002 3.42150936232646250000e-001 6.32250652471990910000e-002 4.07023927621321530000e-003 3.64116525815132010000e-002 1.75645312388333530000e-001 9.18100792158429440000e-002 2.00000000000000000000e-002 8.54266738645642010000e-032 1.48054613744970300000e-007 4.87909120060515020000e-010 4.71707668932759700000e-002 1.00000000000000030000e-079 1.00000000000000030000e-079 1.00000000000000030000e-079 2.00029936434250500000e-002 5.60000774627381940000e-003 2.00000000268365020000e-002 1.17553344072410470000e-003 1.41664714728121960000e-004 3.76082978568063730000e-004 6.54313676275024150000e-016 1.00000000000000030000e-079 1.00001566468928240000e-002 9.50000000000000330000e-080 1.99161927340048530000e-002 9.50000000000000330000e-080 2.86851118654911750000e-002 9.50000000000000330000e-080 1.00000000000000030000e-079 1.00000000000000030000e-079 
2.03672049376336960000e-001 2.01314485905480720000e-002 1.01551684927233920000e-001 5.82595197526180470000e-002 4.78586929017952440000e-002 4.97587951834269350000e-002 2.39688447937120710000e-001 4.69470977327319170000e-002 2.41459658849288510000e-002 2.00091929420459560000e-013 3.16449336202192180000e-004 1.76547998093673090000e-005 5.76501263994513080000e-002 1.00000000000000030000e-079 1.00000000000000030000e-079 1.00000000000000030000e-079 1.23601428237207070000e-002 1.64130202696444910000e-002 6.70176192295104830000e-006 1.44260497328696360000e-002 2.93666634193213530000e-002 1.18387414521065600000e-002 2.29418224480312640000e-007 1.00000000000000030000e-079 4.90875553498455050000e-002 3.78215258545768470000e-011 1.11794456349027450000e-003 9.52320938632985930000e-007 2.88699405565639960000e-003 1.21743079373499530000e-002 3.22764034683931740000e-004 1.00000000000000030000e-079 
1.04577225838912010000e-001 1.48381842127614900000e-002 4.91139437923033240000e-003 4.12044500346385250000e-002 2.34443776447301050000e-002 2.19077147228392000000e-002 1.59300915607018640000e-001 1.50247364753405670000e-001 2.93004143906285330000e-010 2.80626729085566300000e-002 1.05739903539361390000e-002 3.25426405895360500000e-002 7.19301550815080880000e-002 1.00000000000000030000e-079 1.00000000000000030000e-079 1.00000000000000030000e-079 2.31975097771113040000e-002 4.21873633367425700000e-002 3.36521555315463100000e-003 9.69276102029756160000e-003 1.00276462377783590000e-002 1.61160269953670790000e-002 7.29546365654605960000e-004 1.00000000000000030000e-079 6.28422531651718630000e-002 1.35474759138168620000e-002 5.91159578981865220000e-002 7.29236160361866060000e-002 1.98840373942698760000e-006 1.05388725820259220000e-002 1.21726802946897970000e-002 1.00000000000000030000e-079 
2.03303157909675120000e-002 1.66160891801077380000e-010 1.08784870094677280000e-004 9.32288781276753670000e-037 3.07279363643913330000e-025 2.01586498752494990000e-003 1.45157557386226300000e-002 2.67016753669176780000e-002 1.18262584347717150000e-001 1.62256506607799110000e-001 5.41876385891485670000e-002 1.31447240202297670000e-001 5.08634700395617020000e-003 5.60047753681931940000e-003 1.00000000000000030000e-079 1.00000000000000030000e-079 1.94792940575981390000e-002 2.38484877792165050000e-002 1.07789644212776040000e-001 2.43557907779006970000e-002 4.22203953967592150000e-003 5.27913704575841210000e-002 2.02824825416853470000e-002 1.00000000000000030000e-079 1.27747068960734310000e-002 3.64381989312459880000e-012 4.34419185649591590000e-002 5.36906977931469670000e-002 2.74081262383702140000e-012 5.07577481847394720000e-002 4.17931450814266400000e-002 4.25948289880662310000e-003 
1.77209101955028950000e-001 1.67038813904288560000e-002 8.03572578167677860000e-010 9.50000000000000330000e-080 1.21418073360552410000e-072 2.44286178896229410000e-002 7.14932898411115150000e-002 3.29381871422956970000e-002 1.45012166064674040000e-001 1.96506104844045080000e-002 2.40021718743976320000e-001 5.62185753051523820000e-002 2.13660500915283000000e-002 7.09472255050905970000e-003 1.00000000000000030000e-079 1.00000000000000030000e-079 5.71459741281171020000e-002 5.14298810609515530000e-002 3.89437364194774020000e-003 7.46793459604016950000e-006 2.26344511297446800000e-002 1.18575791675179790000e-003 6.57277141275248830000e-004 1.00000000000000030000e-079 1.40468722919951830000e-002 3.11686580139881530000e-003 1.60005055676520380000e-002 1.24814451274569120000e-002 1.00000000000000030000e-079 5.26220599580773910000e-003 8.49150243467979620000e-030 9.50000000000000330000e-080 

Pi Values for 4
1.00000000000000000000e+000 0.00000000000000000000e+000 0.00000000000000000000e+000 0.00000000000000000000e+000 0.00000000000000000000e+000 
A Matrix for 4
7.31937482012034570000e-001 2.68062517987965430000e-001 0.00000000000000000000e+000 0.00000000000000000000e+000 0.00000000000000000000e+000 
0.00000000000000000000e+000 8.17805057371590370000e-001 1.82194942628409800000e-001 0.00000000000000000000e+000 0.00000000000000000000e+000 
0.00000000000000000000e+000 0.00000000000000000000e+000 7.81286316463762790000e-001 2.18713683536237160000e-001 0.00000000000000000000e+000 
0.00000000000000000000e+000 0.00000000000000000000e+000 0.00000000000000000000e+000 8.23864612879156910000e-001 1.76135387120842900000e-001 
0.00000000000000000000e+000 0.00000000000000000000e+000 0.00000000000000000000e+000 0.00000000000000000000e+000 1.00000000000000000000e+000 

B Matrix for 4
1.79135630806809800000e-001 1.00000000000000030000e-079 1.00000000000000030000e-079 1.61022217580769810000e-004 4.04413096634767680000e-002 3.02021491797606520000e-002 4.60300831539467370000e-002 1.73914446945513950000e-002 7.83954715702663870000e-003 1.00000000000000030000e-079 7.83954715702682440000e-003 6.86940777338435090000e-010 1.28190870712361790000e-001 1.92001897289102160000e-002 2.27840542419367050000e-012 3.23237661891042780000e-007 3.76570977307663650000e-002 5.00000041970448220000e-003 7.71755035682727690000e-002 5.09308794377559410000e-002 1.49171402873035370000e-040 8.07441268576541570000e-006 8.19766677209031320000e-002 5.31696632488680610000e-003 1.94616998933099080000e-001 5.14434096679082400000e-045 4.23029890781224800000e-002 1.00000000000000030000e-079 2.85827039754704690000e-002 1.00000000000000030000e-079 1.00000000000000030000e-079 1.00000000000000030000e-079 
7.75438223553388540000e-002 1.00000000000000030000e-079 1.00000000000000030000e-079 5.98801666148084200000e-003 8.32758005747150920000e-002 1.30179842161172740000e-042 4.34022358606857840000e-002 2.73404810045855300000e-004 2.12343166850990090000e-016 1.00000000000000030000e-079 1.00000000000000030000e-079 1.25471860046197840000e-002 4.17193070168360780000e-002 2.05019167650988220000e-003 2.70145754453660860000e-007 1.54462969892986740000e-004 7.75450646111673770000e-002 2.90639240199094850000e-024 8.79192180116401130000e-002 5.36480208728805220000e-002 6.24999960153088590000e-003 5.69986327274928720000e-002 8.09569852686512350000e-002 1.51335140533818320000e-003 3.34471769451710310000e-001 5.96577310894473900000e-027 1.31621806829984030000e-002 1.00000000000000030000e-079 2.05800792907103490000e-002 1.00000000000000030000e-079 1.00000000000000030000e-079 1.00000000000000030000e-079 
1.03213636531822870000e-001 1.00000000000000030000e-079 1.00000000000000030000e-079 2.12954298343579170000e-002 5.58373776999224950000e-002 4.38979174105932840000e-026 1.24650368383444260000e-002 1.48456899713976330000e-002 1.00000000000000030000e-079 1.00000000000000030000e-079 1.00000000000000030000e-079 8.81496371061550600000e-003 9.42018714575752200000e-002 7.21806412625704410000e-002 4.77007897358684450000e-003 1.64491136734723420000e-002 1.14505670314917240000e-002 9.18232078329155170000e-004 2.08881454775052290000e-001 5.05149986712041200000e-003 8.20963738217669710000e-017 1.82199112263236390000e-002 4.42459443146399140000e-002 5.74692473164133130000e-003 2.65318277750172920000e-001 8.54009280056872680000e-003 9.11903806932189490000e-003 9.97855482999827730000e-003 8.45566257167392790000e-003 1.00000000000000030000e-079 1.00000000000000030000e-079 1.00000000000000030000e-079 
2.94652374098832160000e-004 1.00000000000000030000e-079 1.00000000000000030000e-079 3.59937801742050070000e-003 2.89706196801932380000e-002 2.83382016833708260000e-017 4.94327537457520810000e-003 1.28067376639664370000e-008 9.50000000000000330000e-080 1.00000000000000030000e-079 1.00000000000000030000e-079 3.82952377872240460000e-002 3.99359047675285350000e-002 3.71944867218741290000e-002 4.39940400745731440000e-002 9.63847961634054780000e-002 6.78623628270020600000e-002 9.07548699639842450000e-003 7.22232833813779010000e-002 3.03433784202985710000e-002 5.51884535433178200000e-002 9.10998409015428420000e-002 1.00691376156495570000e-001 3.06202474132264490000e-002 1.51447784492234810000e-001 9.63850226135082750000e-013 6.67994929728254190000e-002 9.61956585303355180000e-003 2.14163232736519180000e-002 1.00000000000000030000e-079 1.00000000000000030000e-079 1.00000000000000030000e-079 
1.32419697219359310000e-001 6.91222001738350150000e-004 1.00000000000000030000e-079 2.27244842284487400000e-003 8.03668595769957560000e-002 3.17858528170015530000e-002 7.24185359659982600000e-002 9.82470123137675450000e-003 1.00000000000000030000e-079 1.00000000000000030000e-079 1.06383460168852370000e-003 1.12192641161247990000e-002 6.43901861005513330000e-002 1.33674119429781500000e-002 3.95161285787486090000e-002 3.05428572892522750000e-002 3.97399625982783130000e-002 1.37864487534751600000e-002 6.05159842626917940000e-002 1.43188926159931000000e-002 2.04330920243347490000e-002 4.88556169232147240000e-002 6.07148852921771470000e-002 1.68333125540410590000e-002 1.79576345289093360000e-001 1.82633229446963960000e-002 2.19086681754023100000e-002 2.67487679926823890000e-003 7.73268175933330800000e-003 4.07568814160344690000e-003 6.91222001738350150000e-004 1.00000000000000030000e-079 

Pi Values for 5
1.00000000000000000000e+000 0.00000000000000000000e+000 0.00000000000000000000e+000 0.00000000000000000000e+000 0.00000000000000000000e+000 
A Matrix for 5
7.10452798434948240000e-001 2.89547201565051760000e-001 0.00000000000000000000e+000 0.00000000000000000000e+000 0.00000000000000000000e+000 
0.00000000000000000000e+000 8.47008373703909690000e-001 1.52991626296090370000e-001 0.00000000000000000000e+000 0.00000000000000000000e+000 
0.00000000000000000000e+000 0.00000000000000000000e+000 8.54200594440965080000e-001 1.45799405559035090000e-001 0.00000000000000000000e+000 
0.00000000000000000000e+000 0.00000000000000000000e+000 0.00000000000000000000e+000 9.15747851719685870000e-001 8.42521482803142710000e-002 
0.00000000000000000000e+000 0.00000000000000000000e+000 0.00000000000000000000e+000 0.00000000000000000000e+000 1.00000000000000000000e+000 

B Matrix for 5
1.62166152942531560000e-001 1.00000000000000030000e-079 9.50000000000000330000e-080 1.00000000000000030000e-079 3.77910743044403420000e-002 1.80545756841757330000e-001 1.02062741132814550000e-001 1.03641882869286190000e-001 1.00000000000000030000e-079 1.00000000000000030000e-079 4.77497318559721580000e-002 1.29284402181675610000e-001 1.88657224049947280000e-001 1.25001868197986140000e-002 1.26130927460784340000e-045 2.07669281480706060000e-009 1.00000000000000030000e-079 1.00000000000000030000e-079 9.60802382012968660000e-003 1.00000000000000030000e-079 1.00000000000000030000e-079 1.00000000000000030000e-079 1.00000000000000030000e-079 1.00000000000000030000e-079 7.63926041853282990000e-019 1.48854093439742320000e-002 1.11074011932139440000e-002 1.05677656916381130000e-008 1.00000000000000030000e-079 1.00000000000000030000e-079 5.16613467740211170000e-054 1.00000000000000030000e-079 
2.12339429456116780000e-001 1.44762967356674710000e-016 2.69630481206028410000e-003 1.00000000000000030000e-079 1.19331773584018910000e-002 1.48709187038324590000e-001 1.19876468141297490000e-001 4.20848954362362180000e-002 1.00000000000000030000e-079 1.00000000000000030000e-079 6.01720599374711420000e-002 9.97720285039520870000e-002 1.66119827848312360000e-001 2.55640139764645790000e-002 1.10911557266717110000e-002 2.44704572199771870000e-002 3.50870617753634580000e-003 1.00000000000000030000e-079 9.99256943939707780000e-016 1.00000000000000030000e-079 1.00000000000000030000e-079 1.00000000000000030000e-079 1.00000000000000030000e-079 1.00000000000000030000e-079 6.01216235833561680000e-012 4.18342154383348750000e-003 3.07329325952468320000e-002 2.53282763571142270000e-002 1.00000000000000030000e-079 1.00000000000000030000e-079 1.14176578649695280000e-002 1.00000000000000030000e-079 
1.72582564394652300000e-001 6.99807692349962120000e-003 1.29065933256937680000e-002 1.00000000000000030000e-079 9.05574572119582570000e-003 1.22687997911318170000e-001 9.99051371177790000000e-002 2.35505010008795580000e-002 1.00000000000000030000e-079 1.00000000000000030000e-079 2.60282006061480390000e-002 7.72630725115345950000e-002 1.76840461764882660000e-001 1.52728266117947150000e-002 7.24803354009055660000e-002 1.05483002682466060000e-001 9.50000000000000330000e-080 1.00000000000000030000e-079 3.58314421608570550000e-002 1.07728642509743840000e-002 1.00000000000000030000e-079 1.00000000000000030000e-079 1.00000000000000030000e-079 1.00000000000000030000e-079 3.40394905052800010000e-007 2.22582387518091380000e-004 2.02367136863132970000e-032 2.41130456879842040000e-002 1.00000000000000030000e-079 1.00000000000000030000e-079 8.00520914501134590000e-003 1.00000000000000030000e-079 
9.77337307771432570000e-002 1.10804562458638580000e-027 9.00000053719422430000e-080 9.50000000000000330000e-080 4.22006701503403330000e-002 5.89095600063353280000e-002 1.95302469615422670000e-002 9.16761900426783010000e-006 1.00000000000000030000e-079 1.00000000000000030000e-079 9.19072758152783830000e-002 1.42691583791724500000e-001 1.30433329805872690000e-001 1.54390978448209840000e-001 5.45441584682877860000e-002 1.00932214204555140000e-001 1.00000000000000030000e-079 1.00000000000000030000e-079 3.60615502412729850000e-002 1.45284349034457810000e-068 1.56489857100191840000e-003 1.00000000000000030000e-079 1.00000000000000030000e-079 1.00000000000000030000e-079 2.57604981383480920000e-004 1.48678369887963180000e-002 4.74434537887637940000e-002 6.52173938048772850000e-003 1.00000000000000030000e-079 1.00000000000000030000e-079 7.43183069233933530000e-020 1.00000000000000030000e-079 
1.28346587690260800000e-001 6.89929873691898170000e-004 1.50793700469279580000e-003 1.01129881872147200000e-003 1.81640853272850910000e-002 1.24913435446532360000e-001 9.84461049469915330000e-002 7.46625735845491970000e-002 5.59130859180181640000e-003 1.00000000000000030000e-079 5.99904572841870390000e-002 6.58225051331352840000e-002 7.19605588730050930000e-002 7.62857970589213840000e-002 8.05440670667384170000e-002 6.73443861195618250000e-002 2.63581839626644740000e-003 5.81395348837209290000e-004 6.59080612676381500000e-003 5.89606863475908940000e-004 3.49434742527452010000e-003 1.00000000000000030000e-079 1.00000000000000030000e-079 1.00000000000000030000e-079 6.95540082076382370000e-003 5.10925449020072090000e-002 1.30041138091405200000e-002 9.39314650124928150000e-003 5.11748212559451010000e-003 6.57919968286367790000e-003 1.86851051776870630000e-002 1.00000000000000030000e-079 

Pi Values for 6
1.00000000000000000000e+000 0.00000000000000000000e+000 0.00000000000000000000e+000 0.00000000000000000000e+000 0.00000000000000000000e+000 
A Matrix for 6
7.87469019597972330000e-001 2.12530980402027810000e-001 0.00000000000000000000e+000 0.00000000000000000000e+000 0.00000000000000000000e+000 
0.00000000000000000000e+000 7.81783733489907710000e-001 2.18216266510092320000e-001 0.00000000000000000000e+000 0.00000000000000000000e+000 
0.00000000000000000000e+000 0.00000000000000000000e+000 7.87840361666864890000e-001 2.12159638333135140000e-001 0.00000000000000000000e+000 
0.00000000000000000000e+000 0.00000000000000000000e+000 0.00000000000000000000e+000 9.32760873750063780000e-001 6.72391262499361100000e-002 
0.00000000000000000000e+000 0.00000000000000000000e+000 0.00000000000000000000e+000 0.00000000000000000000e+000 1.00000000000000000000e+000 

B Matrix for 6
1.00056973803900520000e-001 1.67904323837430790000e-001 1.56113774848419150000e-001 1.60862107279888450000e-001 1.00000000000000030000e-079 7.36479945258997900000e-002 1.36295006781643250000e-001 7.83405986482957760000e-002 9.50000000000000330000e-080 1.00000000000000030000e-079 1.70386066158531940000e-078 6.12879415125797270000e-029 3.76546869152909790000e-009 9.02011148080476140000e-003 6.34988471293385170000e-006 2.70593268873940240000e-002 1.00000000000000030000e-079 1.00000000000000030000e-079 1.00000000000000030000e-079 1.00000000000000030000e-079 7.67725252225158330000e-002 1.00000000000000030000e-079 1.00000000000000030000e-079 1.00000000000000030000e-079 1.00000000000000030000e-079 1.00000000000000030000e-079 1.39209030336260410000e-002 1.00000000000000030000e-079 9.50000000000000330000e-080 1.00000000000000030000e-079 1.00000000000000030000e-079 1.00000000000000030000e-079 
6.91047051643699230000e-002 5.98966660545337950000e-002 1.48315399222836130000e-001 1.24759081709923560000e-001 1.00000000000000030000e-079 6.04997649632732090000e-002 7.76787949151623580000e-002 6.87374457661609070000e-002 8.72384001269859740000e-003 1.00000000000000030000e-079 5.96395472882220380000e-002 1.83263456825825360000e-002 7.69538047949443190000e-002 1.00669893448671870000e-001 3.14874784312543860000e-002 1.13095906198284050000e-002 8.67921686647037940000e-014 1.00000000000000030000e-079 1.00000000000000030000e-079 1.00000000000000030000e-079 4.38906631999585320000e-002 1.00000000000000030000e-079 1.00000000000000030000e-079 1.00000000000000030000e-079 1.00000000000000030000e-079 1.00000000000000030000e-079 3.16736453920881820000e-002 8.33333333340445340000e-003 3.97872146116293710000e-055 1.00000000000000030000e-079 1.00000000000000030000e-079 1.00000000000000030000e-079 
4.57635684387273020000e-002 7.68057511883902260000e-002 1.35927200098780430000e-001 1.30350540093992740000e-001 4.16666789312031450000e-003 8.45667626752580610000e-002 7.20081012266848840000e-002 1.70197142475231290000e-002 1.41666716540849970000e-002 1.00000000000000030000e-079 9.61448827602503360000e-002 5.00000117240377920000e-003 7.24741750260713410000e-002 7.69212796416607200000e-002 1.51584909350807510000e-002 5.78145812654110230000e-002 2.08333176833059640000e-002 9.50000000000000330000e-080 1.00000000000000030000e-079 1.00000000000000030000e-079 1.25000055476128390000e-002 1.00000000000000030000e-079 1.00000000000000030000e-079 1.00000000000000030000e-079 1.00000000000000030000e-079 1.00000000000000030000e-079 6.23782883203288370000e-002 9.00000000000000360000e-080 1.31312339040619970000e-010 1.00000000000000030000e-079 1.00000000000000030000e-079 1.00000000000000030000e-079 
1.99425454251745650000e-001 7.26251786139984060000e-002 3.37435965331340650000e-002 8.36810093191878160000e-003 9.50000000000000330000e-080 7.76845431268281260000e-002 2.26742207248220080000e-001 1.07238126126833730000e-001 2.28016604142682740000e-010 1.00000000000000030000e-079 3.75155458193173270000e-002 2.22651958094282200000e-002 9.17337874208658810000e-002 1.00523591391246950000e-002 2.50620505887074360000e-002 3.44980584767346850000e-003 1.45615377924232380000e-002 4.29916975140197210000e-003 1.00000000000000030000e-079 1.00000000000000030000e-079 3.44980584767350890000e-003 1.00000000000000030000e-079 1.00000000000000030000e-079 1.00000000000000030000e-079 5.76526641218378240000e-014 1.00000000000000030000e-079 3.23187244963509400000e-002 2.49754885690323180000e-002 4.48932185724791950000e-003 1.00000000000000030000e-079 1.00000000000000030000e-079 1.00000000000000030000e-079 
3.94334357966008710000e-002 6.70186104360507160000e-002 5.86149935352321070000e-001 4.59032887950080600000e-002 1.63356449046698830000e-003 3.16632477949313620000e-002 8.66526209281868330000e-002 3.56337562046175480000e-002 2.55706006380772850000e-003 1.00000000000000030000e-079 1.51027271883204530000e-002 4.35703897600595550000e-003 2.62171160878608910000e-002 6.34598030501608810000e-003 5.72596025110288800000e-003 6.16986793621261170000e-003 5.50530809698112060000e-003 4.98837433093949750000e-057 1.00000000000000030000e-079 1.00000000000000030000e-079 3.26320021436718580000e-003 1.00000000000000030000e-079 1.00000000000000030000e-079 1.00000000000000030000e-079 5.74896530102073870000e-004 1.00000000000000030000e-079 2.16158501723327160000e-002 1.89555791465105060000e-003 4.58292891215042460000e-003 6.78295704732995140000e-004 1.31975184817239870000e-003 1.00000000000000030000e-079 

Pi Values for 7
1.00000000000000000000e+000 0.00000000000000000000e+000 0.00000000000000000000e+000 0.00000000000000000000e+000 0.00000000000000000000e+000 
A Matrix for 7
7.54077364639054730000e-001 2.45922635360945250000e-001 0.00000000000000000000e+000 0.00000000000000000000e+000 0.00000000000000000000e+000 
0.00000000000000000000e+000 8.52088573957049840000e-001 1.47911426042950100000e-001 0.00000000000000000000e+000 0.00000000000000000000e+000 
0.00000000000000000000e+000 0.00000000000000000000e+000 7.62831850137603910000e-001 2.37168149862395930000e-001 0.00000000000000000000e+000 
0.00000000000000000000e+000 0.00000000000000000000e+000 0.00000000000000000000e+000 9.14984391530799690000e-001 8.50156084692003100000e-002 
0.00000000000000000000e+000 0.00000000000000000000e+000 0.00000000000000000000e+000 0.00000000000000000000e+000 1.00000000000000000000e+000 

B Matrix for 7
5.76619334609995840000e-002 2.51491647970459480000e-002 2.88944671502516070000e-001 1.89913008963751680000e-001 8.33336507559156310000e-003 1.33489620613496370000e-001 1.00000122139019890000e-002 1.00000000000000030000e-079 2.14119043952096070000e-002 4.74523772854233520000e-003 1.06512682699480870000e-018 1.14129118220988220000e-020 1.00000122139037410000e-002 2.92849791976169220000e-002 1.38831540441583770000e-002 4.99999975721439750000e-002 4.74523772854267780000e-003 1.00000000000000030000e-079 1.66666666666661460000e-002 1.00000000000000030000e-079 1.35771033825912990000e-001 1.00000000000000030000e-079 1.00000000000000030000e-079 1.00000000000000030000e-079 1.00000000000000030000e-079 1.00000000000000030000e-079 1.00000000000000030000e-079 1.00000000000000030000e-079 1.00000000000000030000e-079 1.00000000000000030000e-079 1.00000000000000030000e-079 1.00000000000000030000e-079 
